menu 0 150 319 49
tstrip 0 150 319 3
title 16 156 66 6
load 4 165 44 8
view 4 173 44 8
info 4 181 44 8
delete 4 189 44 8
tname 51 176 48 6
cancel 53 189 44 8
cpic 103 156 65 41
tdrive 175 161 35 6

upd 213 160 12 8
rootd 228 160 12 8
adv 243 160 12 8
bdv 258 160 12 8
cdv 273 160 12 8
ddv 288 160 12 8
edv 303 160 12 8

fdv 213 171 12 8
gdv 228 171 12 8
hdv 243 171 12 8
idv 258 171 12 8
jdv 273 171 12 8
kdv 288 171 12 8
jdv 303 171 12 8

tpath 181 185 29 6
path 213 183 102 10

